Time;Node;Degree;Neighbors;Entropy
23;206848;1.0000000000;0;0.00000
23;192514;1.0000000000;0;0.00000
23;79878;1.0000000000;0;0.00000
23;8876;2.0000000000;0;0.00000
23;251918;1.0000000000;0;0.00000
23;251919;1.0000000000;0;0.00000
23;251922;1.0000000000;0;0.00000
23;253972;1.0000000000;0;0.00000
23;16406;1.0000000000;0;0.00000
23;79895;1.0000000000;0;0.00000
23;79897;1.0000000000;0;0.00000
23;81951;1.0000000000;0;0.00000
23;182304;1.0000000000;0;0.00000
23;81956;1.0000000000;0;0.00000
23;509618;1.0000000000;0;0.00000
23;256051;1.0000000000;0;0.00000
23;81974;1.0000000000;0;0.00000
23;809017;1.0000000000;0;0.00000
23;182332;2.0000000000;0;0.00000
23;192573;2.0000000000;2;0.00000
23;192574;2.0000000000;2;0.00000
23;1326773;1.0000000000;0;0.00000
23;20552;1.0000000000;0;0.00000
23;206922;1.0000000000;0;0.00000
23;507988;1.0000000000;0;0.00000
23;254048;1.0000000000;0;0.00000
23;493665;1.0000000000;0;0.00000
23;141410;1.0000000000;0;0.00000
23;251579;1.0000000000;0;0.00000
23;852070;1.0000000000;0;0.00000
23;258152;1.0000000000;0;0.00000
23;24681;1.0000000000;0;0.00000
23;252010;1.0000000000;0;0.00000
23;184427;1.0000000000;0;0.00000
23;84078;1.0000000000;0;0.00000
23;254063;1.0000000000;0;0.00000
23;192625;1.0000000000;0;0.00000
23;41077;1.0000000000;0;0.00000
23;48900;1.0000000000;0;0.00000
23;192632;1.0000000000;0;0.00000
23;251924;1.0000000000;0;0.00000
23;260219;1.0000000000;0;0.00000
23;299132;1.0000000000;0;0.00000
23;84100;1.0000000000;0;0.00000
23;192646;1.0000000000;0;0.00000
23;507927;1.0000000000;0;0.00000
23;1953934;1.0000000000;0;0.00000
23;512143;1.0000000000;0;0.00000
23;258193;1.0000000000;0;0.00000
23;41106;1.0000000000;0;0.00000
23;252056;1.0000000000;0;0.00000
23;89455;1.0000000000;0;0.00000
23;510112;1.0000000000;0;0.00000
23;140656;3.0000000000;1;0.00000
23;257103;1.0000000000;0;0.00000
23;257444;1.0000000000;0;0.00000
23;1061036;1.0000000000;0;0.00000
23;192693;1.0000000000;0;0.00000
23;270522;1.0000000000;0;0.00000
23;252101;1.0000000000;0;0.00000
23;256199;1.0000000000;0;0.00000
23;509644;1.0000000000;0;0.00000
23;192714;1.0000000000;0;0.00000
23;260303;1.0000000000;0;0.00000
23;98512;1.0000000000;0;0.00000
23;954582;1.0000000000;0;0.00000
23;1302745;1.0000000000;0;0.00000
23;184541;1.0000000000;0;0.00000
23;39134;1.0000000000;0;0.00000
23;258274;1.0000000000;0;0.00000
23;508133;1.0000000000;0;0.00000
23;465126;1.0000000000;0;0.00000
23;465127;1.0000000000;0;0.00000
23;252137;2.0000000000;1;0.00000
23;252138;2.0000000000;1;0.00000
23;82156;1.0000000000;0;0.00000
23;8431;1.0000000000;0;0.00000
23;512240;1.0000000000;0;0.00000
23;243954;1.0000000000;0;0.00000
23;45305;1.0000000000;0;0.00000
23;229626;1.0000000000;0;0.00000
23;114939;1.0000000000;0;0.00000
23;45315;3.0000000000;0;0.00000
23;33028;2.0000000000;0;0.00000
23;83670;2.0000000000;2;0.00000
23;248073;1.0000000000;0;0.00000
23;129291;1.0000000000;0;0.00000
23;1167629;1.0000000000;0;0.00000
23;80142;1.0000000000;0;0.00000
23;248084;1.0000000000;0;0.00000
23;508181;1.0000000000;0;0.00000
23;192790;2.0000000000;1;0.00000
23;139543;1.0000000000;0;0.00000
23;98587;1.0000000000;0;0.00000
23;592158;1.0000000000;0;0.00000
23;80162;2.0000000000;2;0.00000
23;254244;1.0000000000;0;0.00000
23;33061;1.0000000000;0;0.00000
23;510248;1.0000000000;0;0.00000
23;327076;1.0000000000;0;0.00000
23;256310;1.0000000000;0;0.00000
23;254263;1.0000000000;0;0.00000
23;508217;1.0000000000;0;0.00000
23;244026;1.0000000000;0;0.00000
23;192830;2.0000000000;0;0.00000
23;510271;1.0000000000;0;0.00000
23;508229;1.0000000000;0;0.00000
23;508230;1.0000000000;0;0.00000
23;2126561;1.0000000000;0;0.00000
23;1438024;1.0000000000;0;0.00000
23;260425;1.0000000000;0;0.00000
23;504887;1.0000000000;0;0.00000
23;80206;1.0000000000;0;0.00000
23;192849;1.0000000000;0;0.00000
23;82258;1.0000000000;0;0.00000
23;299352;1.0000000000;0;0.00000
23;1136989;1.0000000000;0;0.00000
23;508256;1.0000000000;0;0.00000
23;82273;1.0000000000;0;0.00000
23;1714533;1.0000000000;0;0.00000
23;510319;1.0000000000;0;0.00000
23;2126568;1.0000000000;0;0.00000
23;510323;1.0000000000;0;0.00000
23;252284;1.0000000000;0;0.00000
23;80254;1.0000000000;0;0.00000
23;183868;1.0000000000;0;0.00000
23;101782;1.0000000000;0;0.00000
23;508297;1.0000000000;0;0.00000
23;369035;1.0000000000;0;0.00000
23;255042;1.0000000000;0;0.00000
23;20881;1.0000000000;0;0.00000
23;233875;1.0000000000;0;0.00000
23;82327;1.0000000000;0;0.00000
23;115099;1.0000000000;0;0.00000
23;510364;1.0000000000;0;0.00000
23;1700267;1.0000000000;0;0.00000
23;82336;1.0000000000;0;0.00000
23;82337;1.0000000000;0;0.00000
23;256420;1.0000000000;0;0.00000
23;299069;1.0000000000;0;0.00000
23;416171;1.0000000000;0;0.00000
23;875305;1.0000000000;0;0.00000
23;139698;1.0000000000;0;0.00000
23;248244;1.0000000000;0;0.00000
23;246197;1.0000000000;0;0.00000
23;248247;1.0000000000;0;0.00000
23;98036;2.0000000000;0;0.00000
23;139706;1.0000000000;0;0.00000
23;252352;1.0000000000;0;0.00000
23;258464;1.0000000000;0;0.00000
23;854467;1.0000000000;0;0.00000
23;131528;1.0000000000;0;0.00000
23;334281;1.0000000000;0;0.00000
23;164310;1.0000000000;0;0.00000
23;252376;1.0000000000;0;0.00000
23;852441;1.0000000000;0;0.00000
23;256474;1.0000000000;0;0.00000
23;253007;1.0000000000;0;0.00000
23;223719;1.0000000000;0;0.00000
23;258541;1.0000000000;0;0.00000
23;223729;1.0000000000;0;0.00000
23;510450;1.0000000000;0;0.00000
23;254718;1.0000000000;0;0.00000
23;256504;1.0000000000;0;0.00000
23;244218;1.0000000000;0;0.00000
23;254719;1.0000000000;0;0.00000
23;82430;1.0000000000;0;0.00000
23;508415;1.0000000000;0;0.00000
23;510467;1.0000000000;0;0.00000
23;511063;1.0000000000;0;0.00000
23;893453;1.0000000000;0;0.00000
23;254480;1.0000000000;0;0.00000
23;139797;1.0000000000;0;0.00000
23;508439;1.0000000000;0;0.00000
23;131609;1.0000000000;0;0.00000
23;107035;1.0000000000;0;0.00000
23;139808;1.0000000000;0;0.00000
23;252449;1.0000000000;0;0.00000
23;508451;1.0000000000;0;0.00000
23;254500;1.0000000000;0;0.00000
23;508453;1.0000000000;0;0.00000
23;256550;1.0000000000;0;0.00000
23;508456;1.0000000000;0;0.00000
23;248364;1.0000000000;0;0.00000
23;80430;2.0000000000;0;0.00000
23;139829;1.0000000000;0;0.00000
23;959030;1.0000000000;0;0.00000
23;82487;1.0000000000;0;0.00000
23;80444;1.0000000000;0;0.00000
23;254049;1.0000000000;0;0.00000
23;256589;1.0000000000;0;0.00000
23;256591;1.0000000000;0;0.00000
23;256592;1.0000000000;0;0.00000
23;340564;1.0000000000;0;0.00000
23;80475;2.0000000000;2;0.00000
23;252508;1.0000000000;0;0.00000
23;140048;1.0000000000;0;0.00000
23;80482;1.0000000000;0;0.00000
23;510568;1.0000000000;0;0.00000
23;83884;1.0000000000;0;0.00000
23;852592;1.0000000000;0;0.00000
23;510577;1.0000000000;0;0.00000
23;98932;1.0000000000;0;0.00000
23;97726;1.0000000000;0;0.00000
23;192617;1.0000000000;0;0.00000
23;938616;1.0000000000;0;0.00000
23;192618;1.0000000000;0;0.00000
23;854666;1.0000000000;0;0.00000
23;191116;1.0000000000;0;0.00000
23;139918;1.0000000000;0;0.00000
23;98960;1.0000000000;0;0.00000
23;510611;2.0000000000;4;0.00000
23;192622;1.0000000000;0;0.00000
23;508567;1.0000000000;0;0.00000
23;252576;1.0000000000;0;0.00000
23;408225;1.0000000000;0;0.00000
23;58022;1.0000000000;0;0.00000
23;512682;1.0000000000;0;0.00000
23;1426091;1.0000000000;0;0.00000
23;260780;1.0000000000;0;0.00000
23;110295;6.0000000000;2;0.00000
23;1659568;1.0000000000;0;0.00000
23;219825;1.0000000000;0;0.00000
23;1252021;1.0000000000;0;0.00000
23;509385;1.0000000000;0;0.00000
23;252602;1.0000000000;0;0.00000
23;252604;1.0000000000;0;0.00000
23;252605;1.0000000000;0;0.00000
23;252607;1.0000000000;0;0.00000
23;139972;1.0000000000;0;0.00000
23;2126541;1.0000000000;0;0.00000
23;2126542;1.0000000000;0;0.00000
23;2126543;1.0000000000;0;0.00000
23;2126545;1.0000000000;0;0.00000
23;80596;1.0000000000;0;0.00000
23;82645;1.0000000000;0;0.00000
23;182999;1.0000000000;0;0.00000
23;2126553;1.0000000000;0;0.00000
23;248539;1.0000000000;0;0.00000
23;2126629;1.0000000000;0;0.00000
23;2126560;3.0000000000;5;0.00000
23;252641;1.0000000000;0;0.00000
23;244450;1.0000000000;0;0.00000
23;2126565;1.0000000000;0;0.00000
23;82664;2.0000000000;0;0.00000
23;2126569;1.0000000000;0;0.00000
23;2126570;1.0000000000;0;0.00000
23;2126571;1.0000000000;0;0.00000
23;2126572;1.0000000000;0;0.00000
23;2126574;1.0000000000;0;0.00000
23;2126579;1.0000000000;0;0.00000
23;37673;1.0000000000;0;0.00000
23;247252;1.0000000000;0;0.00000
23;43770;1.0000000000;0;0.00000
23;2126590;1.0000000000;0;0.00000
23;80639;1.0000000000;0;0.00000
23;2126593;1.0000000000;0;0.00000
23;2126597;1.0000000000;0;0.00000
23;252678;1.0000000000;0;0.00000
23;80654;1.0000000000;0;0.00000
23;252688;1.0000000000;0;0.00000
23;252689;1.0000000000;0;0.00000
23;2126610;1.0000000000;0;0.00000
23;2126611;1.0000000000;0;0.00000
23;2126612;1.0000000000;0;0.00000
23;2126613;1.0000000000;0;0.00000
23;125723;1.0000000000;0;0.00000
23;2126621;1.0000000000;0;0.00000
23;2126622;1.0000000000;0;0.00000
23;2126623;1.0000000000;0;0.00000
23;2126625;1.0000000000;0;0.00000
23;2126626;1.0000000000;0;0.00000
23;181029;1.0000000000;0;0.00000
23;82726;1.0000000000;0;0.00000
23;37672;1.0000000000;0;0.00000
23;2126633;1.0000000000;0;0.00000
23;140078;2.0000000000;0;0.00000
23;2126639;1.0000000000;0;0.00000
23;2126640;1.0000000000;0;0.00000
23;2126641;1.0000000000;0;0.00000
23;854834;1.0000000000;0;0.00000
23;2126645;1.0000000000;0;0.00000
23;2126646;1.0000000000;0;0.00000
23;48948;1.0000000000;0;0.00000
23;2126655;1.0000000000;0;0.00000
23;254784;1.0000000000;0;0.00000
23;133954;1.0000000000;0;0.00000
23;2126660;1.0000000000;0;0.00000
23;2126662;1.0000000000;0;0.00000
23;181360;1.0000000000;0;0.00000
23;2126666;1.0000000000;0;0.00000
23;1529655;1.0000000000;0;0.00000
23;2126669;1.0000000000;0;0.00000
23;2126670;1.0000000000;0;0.00000
23;1125209;3.0000000000;5;0.00000
23;334683;1.0000000000;0;0.00000
23;2126684;1.0000000000;0;0.00000
23;2126685;1.0000000000;0;0.00000
23;2126690;1.0000000000;0;0.00000
23;80739;1.0000000000;0;0.00000
23;506001;2.0000000000;0;0.00000
23;508779;2.0000000000;2;0.00000
23;2126701;1.0000000000;0;0.00000
23;260984;1.0000000000;0;0.00000
23;1870713;1.0000000000;0;0.00000
23;2126715;1.0000000000;0;0.00000
23;256892;1.0000000000;0;0.00000
23;2126717;1.0000000000;0;0.00000
23;23422;1.0000000000;0;0.00000
23;2126719;1.0000000000;0;0.00000
23;183104;1.0000000000;0;0.00000
23;2126724;1.0000000000;0;0.00000
23;80774;1.0000000000;0;0.00000
23;104301;1.0000000000;0;0.00000
23;2126728;1.0000000000;0;0.00000
23;185226;1.0000000000;0;0.00000
23;80787;1.0000000000;0;0.00000
23;1620885;1.0000000000;0;0.00000
23;258968;1.0000000000;0;0.00000
23;82847;1.0000000000;0;0.00000
23;52129;1.0000000000;0;0.00000
23;2126754;1.0000000000;0;0.00000
23;1409955;1.0000000000;0;0.00000
23;1407909;1.0000000000;0;0.00000
23;148395;1.0000000000;0;0.00000
23;80812;1.0000000000;0;0.00000
23;2126765;1.0000000000;0;0.00000
23;97199;1.0000000000;0;0.00000
23;1551284;1.0000000000;0;0.00000
23;193470;1.0000000000;0;0.00000
23;257185;1.0000000000;0;0.00000
23;510922;2.0000000000;2;0.00000
23;256974;1.0000000000;0;0.00000
23;80848;1.0000000000;0;0.00000
23;259028;1.0000000000;0;0.00000
23;254934;3.0000000000;0;0.00000
23;140250;1.0000000000;0;0.00000
23;1922012;1.0000000000;0;0.00000
23;717793;1.0000000000;0;0.00000
23;80869;1.0000000000;0;0.00000
23;511484;1.0000000000;0;0.00000
23;91114;1.0000000000;0;0.00000
23;248811;1.0000000000;0;0.00000
23;487250;1.0000000000;0;0.00000
23;259058;1.0000000000;0;0.00000
23;140276;1.0000000000;0;0.00000
23;254965;1.0000000000;0;0.00000
23;252922;1.0000000000;0;0.00000
23;260607;1.0000000000;0;0.00000
23;66558;1.0000000000;0;0.00000
23;1033;2.0000000000;0;0.00000
23;181259;1.0000000000;0;0.00000
23;181260;1.0000000000;0;0.00000
23;2558;1.0000000000;0;0.00000
23;80983;1.0000000000;0;0.00000
23;252962;1.0000000000;0;0.00000
23;252967;1.0000000000;0;0.00000
23;513064;1.0000000000;0;0.00000
23;224093;1.0000000000;0;0.00000
23;54320;1.0000000000;0;0.00000
23;334900;1.0000000000;0;0.00000
23;1178679;1.0000000000;0;0.00000
23;44089;1.0000000000;0;0.00000
23;83008;1.0000000000;0;0.00000
23;255041;1.0000000000;0;0.00000
23;508994;1.0000000000;0;0.00000
23;33291;1.0000000000;0;0.00000
23;853071;1.0000000000;0;0.00000
23;255063;2.0000000000;2;0.00000
23;83132;3.0000000000;4;0.00000
23;1252458;1.0000000000;0;0.00000
23;253037;1.0000000000;0;0.00000
23;258499;1.0000000000;0;0.00000
23;509040;1.0000000000;0;0.00000
23;255090;1.0000000000;0;0.00000
23;260629;1.0000000000;0;0.00000
23;1598592;1.0000000000;0;0.00000
23;257153;1.0000000000;0;0.00000
23;855171;1.0000000000;0;0.00000
23;81034;1.0000000000;0;0.00000
23;257901;1.0000000000;0;0.00000
23;248986;1.0000000000;0;0.00000
23;44189;1.0000000000;0;0.00000
23;179361;1.0000000000;0;0.00000
23;853157;1.0000000000;0;0.00000
23;29868;1.0000000000;0;0.00000
23;578733;1.0000000000;0;0.00000
23;95419;1.0000000000;0;0.00000
23;113852;1.0000000000;0;0.00000
23;181440;1.0000000000;0;0.00000
23;257219;1.0000000000;0;0.00000
23;254497;1.0000000000;0;0.00000
23;1154248;1.0000000000;0;0.00000
23;255177;1.0000000000;0;0.00000
23;1008842;1.0000000000;0;0.00000
23;81100;2.0000000000;0;0.00000
23;257232;1.0000000000;0;0.00000
23;718033;1.0000000000;0;0.00000
23;259282;1.0000000000;0;0.00000
23;34013;1.0000000000;0;0.00000
23;249040;1.0000000000;0;0.00000
23;1137531;1.0000000000;0;0.00000
23;253166;1.0000000000;0;0.00000
23;512893;1.0000000000;0;0.00000
23;509168;1.0000000000;0;0.00000
23;935686;1.0000000000;0;0.00000
23;333996;1.0000000000;0;0.00000
23;2126718;1.0000000000;0;0.00000
23;181499;1.0000000000;0;0.00000
23;853244;1.0000000000;0;0.00000
23;253183;1.0000000000;0;0.00000
23;81155;1.0000000000;0;0.00000
23;473302;1.0000000000;0;0.00000
23;1586444;1.0000000000;0;0.00000
23;509198;1.0000000000;0;0.00000
23;181648;1.0000000000;0;0.00000
23;259347;1.0000000000;0;0.00000
23;81176;1.0000000000;0;0.00000
23;257924;1.0000000000;0;0.00000
23;513310;2.0000000000;0;0.00000
23;513311;1.0000000000;0;0.00000
23;40226;1.0000000000;0;0.00000
23;2126726;1.0000000000;0;0.00000
23;97582;1.0000000000;0;0.00000
23;253234;1.0000000000;0;0.00000
23;853299;1.0000000000;0;0.00000
23;192734;1.0000000000;0;0.00000
23;140600;1.0000000000;0;0.00000
23;48741;1.0000000000;0;0.00000
23;2126730;1.0000000000;0;0.00000
23;513344;1.0000000000;0;0.00000
23;70980;1.0000000000;0;0.00000
23;185679;1.0000000000;0;0.00000
23;249059;1.0000000000;0;0.00000
23;83290;1.0000000000;0;0.00000
23;36188;1.0000000000;0;0.00000
23;255331;1.0000000000;0;0.00000
23;255334;1.0000000000;0;0.00000
23;507452;1.0000000000;0;0.00000
23;226671;1.0000000000;0;0.00000
23;255344;2.0000000000;1;0.00000
23;255345;1.0000000000;0;0.00000
23;140659;3.0000000000;1;0.00000
23;2126591;1.0000000000;0;0.00000
23;259457;1.0000000000;0;0.00000
23;140677;1.0000000000;0;0.00000
23;140678;1.0000000000;0;0.00000
23;511370;1.0000000000;0;0.00000
23;232844;1.0000000000;0;0.00000
23;314766;1.0000000000;0;0.00000
23;255375;1.0000000000;0;0.00000
23;474512;1.0000000000;0;0.00000
23;181650;1.0000000000;0;0.00000
23;257427;1.0000000000;0;0.00000
23;257430;1.0000000000;0;0.00000
23;255031;1.0000000000;0;0.00000
23;97694;1.0000000000;0;0.00000
23;175521;1.0000000000;0;0.00000
23;83364;1.0000000000;0;0.00000
23;513447;1.0000000000;0;0.00000
23;259499;1.0000000000;0;0.00000
23;75180;1.0000000000;0;0.00000
23;20722;1.0000000000;0;0.00000
23;853424;1.0000000000;0;0.00000
23;509371;1.0000000000;0;0.00000
23;593342;1.0000000000;0;0.00000
23;2126753;1.0000000000;0;0.00000
23;255433;1.0000000000;0;0.00000
23;30669;1.0000000000;0;0.00000
23;9678;1.0000000000;0;0.00000
23;564687;1.0000000000;0;0.00000
23;1155809;1.0000000000;0;0.00000
23;257491;2.0000000000;0;0.00000
23;259540;1.0000000000;0;0.00000
23;2126757;1.0000000000;0;0.00000
23;192498;1.0000000000;0;0.00000
23;603621;1.0000000000;0;0.00000
23;97532;1.0000000000;0;0.00000
23;243182;1.0000000000;0;0.00000
23;515569;1.0000000000;0;0.00000
23;513524;1.0000000000;0;0.00000
23;505340;1.0000000000;0;0.00000
23;165374;1.0000000000;0;0.00000
23;81412;1.0000000000;0;0.00000
23;81413;2.0000000000;0;0.00000
23;511382;1.0000000000;0;0.00000
23;1705480;1.0000000000;0;0.00000
23;513545;1.0000000000;0;0.00000
23;181770;2.0000000000;2;0.00000
23;769548;1.0000000000;0;0.00000
23;255376;1.0000000000;0;0.00000
23;83484;1.0000000000;0;0.00000
23;36381;2.0000000000;2;0.00000
23;83487;1.0000000000;0;0.00000
23;252507;1.0000000000;0;0.00000
23;83493;1.0000000000;0;0.00000
23;259632;1.0000000000;0;0.00000
23;511542;1.0000000000;0;0.00000
23;258313;1.0000000000;0;0.00000
23;206396;1.0000000000;0;0.00000
23;366141;1.0000000000;0;0.00000
23;81471;1.0000000000;0;0.00000
23;921154;1.0000000000;0;0.00000
23;60684;1.0000000000;0;0.00000
23;333386;1.0000000000;0;0.00000
23;366156;1.0000000000;0;0.00000
23;1236557;1.0000000000;0;0.00000
23;30289;2.0000000000;0;0.00000
23;97874;1.0000000000;0;0.00000
23;30291;1.0000000000;0;0.00000
23;183893;1.0000000000;0;0.00000
23;507485;1.0000000000;0;0.00000
23;511589;1.0000000000;0;0.00000
23;181859;2.0000000000;2;0.00000
23;253541;1.0000000000;0;0.00000
23;507497;1.0000000000;0;0.00000
23;347756;1.0000000000;0;0.00000
23;880239;1.0000000000;0;0.00000
23;82026;1.0000000000;0;0.00000
23;192788;1.0000000000;0;0.00000
23;251839;1.0000000000;0;0.00000
23;257660;1.0000000000;0;0.00000
23;81534;1.0000000000;0;0.00000
23;81535;1.0000000000;0;0.00000
23;181888;1.0000000000;0;0.00000
23;259714;2.0000000000;1;0.00000
23;139720;1.0000000000;0;0.00000
23;857733;1.0000000000;0;0.00000
23;507529;1.0000000000;0;0.00000
23;81546;1.0000000000;0;0.00000
23;253581;1.0000000000;0;0.00000
23;906853;1.0000000000;0;0.00000
23;259733;1.0000000000;0;0.00000
23;126615;1.0000000000;0;0.00000
23;11932;1.0000000000;0;0.00000
23;243357;2.0000000000;0;0.00000
23;30366;1.0000000000;0;0.00000
23;253599;1.0000000000;0;0.00000
23;260053;1.0000000000;0;0.00000
23;1175202;1.0000000000;0;0.00000
23;253617;1.0000000000;0;0.00000
23;251570;2.0000000000;0;0.00000
23;1953460;1.0000000000;0;0.00000
23;114357;1.0000000000;0;0.00000
23;507575;1.0000000000;0;0.00000
23;257311;1.0000000000;0;0.00000
23;30397;1.0000000000;0;0.00000
23;329408;1.0000000000;0;0.00000
23;48834;1.0000000000;0;0.00000
23;97987;1.0000000000;0;0.00000
23;253636;1.0000000000;0;0.00000
23;513740;1.0000000000;0;0.00000
23;251599;1.0000000000;0;0.00000
23;253648;1.0000000000;0;0.00000
23;110293;2.0000000000;1;0.00000
23;14038;1.0000000000;0;0.00000
23;259705;1.0000000000;0;0.00000
23;46808;1.0000000000;0;0.00000
23;170276;1.0000000000;0;0.00000
23;511707;1.0000000000;0;0.00000
23;48863;1.0000000000;0;0.00000
23;30447;1.0000000000;0;0.00000
23;251632;1.0000000000;0;0.00000
23;251633;1.0000000000;0;0.00000
23;82644;1.0000000000;0;0.00000
23;954116;1.0000000000;0;0.00000
23;141051;1.0000000000;0;0.00000
23;284414;2.0000000000;3;0.00000
23;1261525;1.0000000000;0;0.00000
23;251651;1.0000000000;0;0.00000
23;507652;1.0000000000;0;0.00000
23;79622;2.0000000000;0;0.00000
23;605296;1.0000000000;0;0.00000
23;251658;1.0000000000;0;0.00000
23;141068;1.0000000000;0;0.00000
23;67344;1.0000000000;0;0.00000
23;251670;1.0000000000;0;0.00000
23;145176;1.0000000000;0;0.00000
23;110367;1.0000000000;0;0.00000
23;83532;1.0000000000;0;0.00000
23;79649;1.0000000000;0;0.00000
23;7970;1.0000000000;0;0.00000
23;681765;1.0000000000;0;0.00000
23;1865512;1.0000000000;0;0.00000
23;83753;1.0000000000;0;0.00000
23;1529648;1.0000000000;0;0.00000
23;829233;1.0000000000;0;0.00000
23;253747;1.0000000000;0;0.00000
23;79668;1.0000000000;0;0.00000
23;79669;1.0000000000;0;0.00000
23;184119;1.0000000000;0;0.00000
23;493369;1.0000000000;0;0.00000
23;85820;2.0000000000;0;0.00000
23;141117;1.0000000000;0;0.00000
23;81729;1.0000000000;0;0.00000
23;251715;1.0000000000;0;0.00000
23;1529670;1.0000000000;0;0.00000
23;48967;1.0000000000;0;0.00000
23;253768;1.0000000000;0;0.00000
23;513866;1.0000000000;0;0.00000
23;82231;1.0000000000;0;0.00000
23;1101645;1.0000000000;0;0.00000
23;456529;1.0000000000;0;0.00000
23;91986;1.0000000000;0;0.00000
23;79700;1.0000000000;0;0.00000
23;641337;1.0000000000;0;0.00000
23;509787;1.0000000000;0;0.00000
23;251742;1.0000000000;0;0.00000
23;192486;2.0000000000;0;0.00000
23;1136493;1.0000000000;0;0.00000
23;82579;1.0000000000;0;0.00000
23;251764;1.0000000000;0;0.00000
23;251765;1.0000000000;0;0.00000
23;9679;3.0000000000;0;0.00000
23;30583;1.0000000000;0;0.00000
23;509820;1.0000000000;0;0.00000
23;79742;1.0000000000;0;0.00000
23;79746;1.0000000000;0;0.00000
23;83844;1.0000000000;0;0.00000
23;507785;1.0000000000;0;0.00000
23;252567;1.0000000000;0;0.00000
23;128910;1.0000000000;0;0.00000
23;255887;1.0000000000;0;0.00000
23;84286;1.0000000000;0;0.00000
23;257940;1.0000000000;0;0.00000
23;79766;1.0000000000;0;0.00000
23;20377;1.0000000000;0;0.00000
23;141212;2.0000000000;0;0.00000
23;509861;2.0000000000;2;0.00000
23;42922;1.0000000000;0;0.00000
23;92076;1.0000000000;0;0.00000
23;255917;1.0000000000;0;0.00000
23;540659;1.0000000000;0;0.00000
23;182201;1.0000000000;0;0.00000
23;79802;1.0000000000;0;0.00000
23;79650;1.0000000000;0;0.00000
23;83902;1.0000000000;0;0.00000
23;125941;1.0000000000;0;0.00000
23;511650;3.0000000000;5;0.00000
23;30670;1.0000000000;0;0.00000
23;79823;1.0000000000;0;0.00000
23;79824;1.0000000000;0;0.00000
23;1501138;1.0000000000;0;0.00000
23;1120211;1.0000000000;0;0.00000
23;256334;1.0000000000;0;0.00000
23;1261526;1.0000000000;0;0.00000
23;851927;1.0000000000;0;0.00000
23;747480;1.0000000000;0;0.00000
23;255994;1.0000000000;0;0.00000
23;79839;1.0000000000;0;0.00000
23;83936;1.0000000000;0;0.00000
23;79843;1.0000000000;0;0.00000
23;258022;1.0000000000;0;0.00000
23;348135;1.0000000000;0;0.00000
23;116712;1.0000000000;0;0.00000
23;1079536;1.0000000000;0;0.00000
23;30706;1.0000000000;0;0.00000
23;257363;1.0000000000;0;0.00000
23;507896;1.0000000000;0;0.00000
23;247801;2.0000000000;0;0.00000
23;32762;1.0000000000;0;0.00000
