author;paper;venue
39134;2792419;1862
48863;2792485;1853
48741;2792497;1853
48834;2792497;1853
48900;2792513;1331
42922;2792513;1331
48948;2792551;1909
48967;2792570;1916
232844;6102553;14199
251670;6102553;14199
512682;6102553;14199
16406;6102553;14199
251764;6102560;14199
251765;6102560;14199
79700;6102563;14199
513447;6102563;14199
110295;6102563;14199
251839;6102564;14199
270522;6102564;14199
133954;6102564;14199
84078;6102564;14199
2126541;6102569;14199
508453;6102569;14199
192849;6102569;14199
252967;6102571;14199
2126542;6102571;14199
30583;6102571;14199
30289;6102572;14199
257491;6102572;14199
515569;6102572;14199
52129;6102572;14199
254934;6102572;14199
255376;6102573;14199
259714;6102573;14199
255375;6102573;14199
113852;6102573;14199
110295;6102573;14199
1326773;6102575;14199
2126543;6102575;14199
829233;6102575;14199
2126545;6102578;14199
253747;6102578;14199
252101;6102585;14199
257232;6102585;14199
854666;6102590;14199
254480;6102590;14199
81729;6102590;14199
83493;6102590;14199
30291;6102590;14199
1155809;6102594;14199
257660;6102594;14199
82726;6102594;14199
255331;6102594;14199
256504;6102594;14199
79802;6102594;14199
852070;6102599;14199
44189;6102599;14199
504887;6102603;14199
181259;6102603;14199
181260;6102603;14199
718033;6102609;14199
348135;6102609;14199
20881;6102609;14199
58022;6102609;14199
1870713;6102609;14199
2126553;6102617;14199
45315;6102617;14199
253007;6102617;14199
139698;6102620;14199
79746;6102620;14199
139706;6102626;14199
252641;6102639;14199
140656;6102639;14199
192734;6102639;14199
140659;6102639;14199
508229;6102641;14199
314766;6102641;14199
257444;6102641;14199
508230;6102641;14199
252688;6102646;14199
252689;6102646;14199
184541;6102646;14199
181499;6102646;14199
506001;6102647;14199
1178679;6102647;14199
506001;6102648;14199
260425;6102648;14199
255042;6102651;14199
255041;6102651;14199
1426091;6102651;14199
183868;6102651;14199
254784;6102651;14199
252449;6102651;14199
508256;6102652;14199
252056;6102652;14199
253636;6102652;14199
1586444;6102656;14199
906853;6102656;14199
255031;6102656;14199
139543;6102660;14199
254934;6102660;14199
508439;6102670;14199
45315;6102670;14199
366141;6102671;14199
254934;6102671;14199
80983;6102671;14199
79843;6102671;14199
508451;6102672;14199
252137;6102672;14199
252138;6102672;14199
474512;6102682;14199
40226;6102682;14199
30669;6102682;14199
30670;6102682;14199
24681;6102685;14199
252507;6102685;14199
510323;6102685;14199
252508;6102685;14199
508567;6102692;14199
465126;6102692;14199
465127;6102692;14199
2126560;6102693;14199
510611;6102693;14199
511650;6102693;14199
1125209;6102693;14199
284414;6102693;14199
83132;6102693;14199
2126560;6102694;14199
510611;6102694;14199
511650;6102694;14199
1125209;6102694;14199
83132;6102694;14199
2126560;6102695;14199
511650;6102695;14199
1125209;6102695;14199
284414;6102695;14199
253183;6102706;14199
139808;6102706;14199
2126561;6102706;14199
248247;6102723;14199
243954;6102723;14199
2126565;6102724;14199
139972;6102724;14199
508779;6102726;14199
181770;6102726;14199
181859;6102726;14199
508779;6102727;14199
181770;6102727;14199
181859;6102727;14199
80482;6102729;14199
79824;6102729;14199
79823;6102729;14199
83364;6102729;14199
852592;6102741;14199
254048;6102741;14199
257311;6102741;14199
254049;6102741;14199
104301;6102741;14199
2126568;6102745;14199
256310;6102745;14199
254263;6102745;14199
880239;6102746;14199
82258;6102746;14199
935686;6102746;14199
2126569;6102746;14199
258022;6102746;14199
2126570;6102750;14199
508994;6102751;14199
248244;6102751;14199
2126571;6102754;14199
2126572;6102756;14199
513344;6102756;14199
23422;6102756;14199
82273;6102756;14199
954582;6102758;14199
125723;6102758;14199
2126574;6102764;14199
508415;6102764;14199
192625;6102764;14199
253972;6102781;14199
80869;6102781;14199
80654;6102781;14199
2126579;6102788;14199
857733;6102788;14199
258541;6102788;14199
80812;6102793;14199
181029;6102793;14199
248073;6102793;14199
182332;6102793;14199
509371;6102806;14199
192486;6102806;14199
509385;6102808;14199
251715;6102808;14199
20377;6102808;14199
1438024;6102812;14199
81956;6102812;14199
508297;6102814;14199
192693;6102814;14199
259028;6102814;14199
1659568;6102827;14199
921154;6102827;14199
1061036;6102827;14199
95419;6102827;14199
81413;6102827;14199
191116;6102828;14199
80444;6102828;14199
82430;6102828;14199
253234;6102828;14199
254497;6102830;14199
181648;6102830;14199
181650;6102830;14199
254500;6102837;14199
141051;6102837;14199
508217;6102843;14199
252607;6102843;14199
853299;6102843;14199
507529;6102843;14199
253166;6102846;14199
223729;6102846;14199
853071;6102851;14199
507927;6102851;14199
510271;6102851;14199
369035;6102851;14199
20722;6102860;14199
229626;6102860;14199
2126590;6102860;14199
81471;6102860;14199
2126591;6102864;14199
192830;6102864;14199
37672;6102864;14199
181360;6102864;14199
252137;6102867;14199
1529648;6102867;14199
110293;6102867;14199
110295;6102867;14199
252138;6102867;14199
2126593;6102869;14199
507452;6102869;14199
853157;6102872;14199
473302;6102872;14199
247801;6102875;14199
251570;6102875;14199
2126597;6102877;14199
1120211;6102877;14199
259733;6102877;14199
80142;6102877;14199
299132;6102877;14199
223719;6102877;14199
41106;6102892;14199
254965;6102892;14199
254718;6102892;14199
254719;6102892;14199
509820;6102895;14199
97874;6102895;14199
255063;6102905;14199
366156;6102905;14199
83670;6102905;14199
36381;6102905;14199
255063;6102906;14199
83670;6102906;14199
36381;6102906;14199
508181;6102908;14199
507485;6102908;14199
456529;6102910;14199
257103;6102910;14199
193470;6102910;14199
33028;6102910;14199
83902;6102926;14199
256334;6102926;14199
507652;6102926;14199
80739;6102926;14199
2126610;6102930;14199
257924;6102930;14199
509198;6102930;14199
79766;6102930;14199
2126611;6102932;14199
256550;6102932;14199
2126612;6102932;14199
2126613;6102932;14199
255344;6102943;14199
255345;6102943;14199
192790;6102943;14199
2126621;6102949;14199
46808;6102949;14199
255433;6102951;14199
251599;6102951;14199
2126622;6102953;14199
2126623;6102953;14199
507988;6102953;14199
244218;6102953;14199
83844;6102953;14199
853424;6102958;14199
258193;6102958;14199
79622;6102958;14199
2126625;6102972;14199
81034;6102972;14199
139720;6102972;14199
578733;6102973;14199
248084;6102973;14199
510248;6102974;14199
258313;6102974;14199
2126626;6102980;14199
83936;6102980;14199
175521;6102983;14199
82664;6102983;14199
192498;6102983;14199
41077;6102985;14199
45315;6102985;14199
81974;6102985;14199
256592;6102993;14199
256591;6102993;14199
256589;6102993;14199
192622;6102997;14199
2126629;6102997;14199
84100;6102997;14199
1409955;6103005;14199
83532;6103005;14199
81951;6103005;14199
2126633;6103007;14199
334281;6103007;14199
510364;6103012;14199
192830;6103012;14199
251570;6103012;14199
260053;6103024;14199
9678;6103024;14199
116712;6103024;14199
139829;6103024;14199
605296;6103024;14199
510450;6103027;14199
249040;6103027;14199
493665;6103027;14199
510467;6103028;14199
79622;6103028;14199
206396;6103033;14199
70980;6103033;14199
192617;6103033;14199
255994;6103036;14199
2126640;6103036;14199
141212;6103036;14199
2126641;6103036;14199
253617;6103043;14199
139918;6103043;14199
1407909;6103044;14199
131528;6103044;14199
257363;6103044;14199
256051;6103047;14199
251651;6103047;14199
2126645;6103048;14199
79650;6103048;14199
2126646;6103048;14199
254244;6103048;14199
79649;6103048;14199
510568;6103050;14199
254063;6103050;14199
226671;6103071;14199
253581;6103074;14199
165374;6103080;14199
1154248;6103080;14199
954116;6103080;14199
1922012;6103080;14199
256420;6103084;14199
79895;6103084;14199
79897;6103084;14199
2126655;6103085;14199
251922;6103085;14199
510922;6103097;14199
509861;6103097;14199
2126660;6103097;14199
80475;6103097;14199
148395;6103099;14199
248539;6103099;14199
340564;6103114;14199
251918;6103114;14199
81534;6103114;14199
251919;6103114;14199
11932;6103114;14199
81535;6103114;14199
329408;6103115;14199
164310;6103115;14199
244026;6103115;14199
141410;6103115;14199
60684;6103118;14199
253541;6103118;14199
2126662;6103121;14199
1033;6103121;14199
809017;6103124;14199
84286;6103124;14199
255887;6103124;14199
511063;6103126;14199
128910;6103126;14199
1714533;6103126;14199
2558;6103126;14199
80787;6103126;14199
206848;6103130;14199
509787;6103130;14199
852441;6103130;14199
1302745;6103141;14199
80206;6103141;14199
252376;6103141;14199
333386;6103141;14199
98036;6103141;14199
938616;6103147;14199
82487;6103147;14199
140250;6103147;14199
252567;6103148;14199
140600;6103148;14199
140078;6103148;14199
256892;6103150;14199
2126666;6103150;14199
140048;6103150;14199
81176;6103150;14199
2126669;6103162;14199
248811;6103162;14199
507896;6103166;14199
253768;6103166;14199
2126670;6103166;14199
80774;6103166;14199
257185;6103174;14199
257219;6103174;14199
30706;6103174;14199
45305;6103174;14199
1529670;6103188;14199
507785;6103188;14199
247801;6103188;14199
8876;6103188;14199
511370;6103192;14199
81155;6103192;14199
80596;6103192;14199
1953460;6103193;14199
192574;6103193;14199
192573;6103193;14199
80162;6103193;14199
333996;6103195;14199
511382;6103195;14199
243182;6103195;14199
125941;6103195;14199
145176;6103195;14199
20552;6103195;14199
508456;6103196;14199
255090;6103196;14199
139797;6103196;14199
257427;6103214;14199
512240;6103214;14199
182999;6103214;14199
37673;6103214;14199
511484;6103216;14199
97726;6103216;14199
257430;6103217;14199
82327;6103217;14199
247252;6103217;14199
1101645;6103217;14199
487250;6103219;14199
80430;6103219;14199
192514;6103219;14199
511542;6103228;14199
192618;6103228;14199
192573;6103228;14199
80162;6103228;14199
192574;6103228;14199
851927;6103229;14199
505340;6103229;14199
83487;6103229;14199
30289;6103229;14199
511589;6103233;14199
30397;6103233;14199
14038;6103233;14199
30366;6103234;14199
1705480;6103242;14199
29868;6103242;14199
1529655;6103245;14199
140276;6103245;14199
2126684;6103246;14199
1175202;6103246;14199
2126685;6103246;14199
81100;6103246;14199
140677;6103250;14199
140678;6103250;14199
82664;6103257;14199
184427;6103257;14199
8431;6103257;14199
717793;6103276;14199
255344;6103276;14199
256974;6103276;14199
255917;6103276;14199
192790;6103276;14199
257901;6103277;14199
219825;6103277;14199
2126690;6103278;14199
252962;6103278;14199
854467;6103280;14199
82847;6103280;14199
416171;6103280;14199
257491;6103280;14199
257153;6103281;14199
246197;6103281;14199
79668;6103281;14199
252602;6103290;14199
2126639;6103290;14199
80430;6103290;14199
79669;6103292;14199
79878;6103292;14199
875305;6103292;14199
508133;6103293;14199
510112;6103309;14199
252605;6103309;14199
252604;6103309;14199
1252458;6103309;14199
82026;6103309;14199
512143;6103317;14199
83008;6103317;14199
181440;6103317;14199
251924;6103317;14199
509618;6103323;14199
509168;6103323;14199
33028;6103323;14199
82579;6103323;14199
1079536;6103339;14199
185679;6103339;14199
181888;6103339;14199
182332;6103339;14199
2126701;6103342;14199
1236557;6103342;14199
258499;6103344;14199
182201;6103344;14199
248364;6103344;14199
183104;6103344;14199
1620885;6103355;14199
114939;6103355;14199
408225;6103355;14199
258464;6103356;14199
255334;6103356;14199
82645;6103356;14199
80254;6103356;14199
206922;6103364;14199
81412;6103364;14199
81413;6103364;14199
110293;6103375;14199
110295;6103375;14199
769548;6103389;14199
253037;6103389;14199
252010;6103389;14199
1551284;6103409;14199
299069;6103409;14199
511707;6103409;14199
43770;6103409;14199
258968;6103410;14199
83290;6103410;14199
259058;6103420;14199
9679;6103420;14199
2126715;6103433;14199
253599;6103433;14199
82156;6103433;14199
2126717;6103435;14199
2126718;6103435;14199
2126719;6103436;14199
513310;6103436;14199
192486;6103436;14199
98036;6103436;14199
2126724;6103447;14199
83753;6103447;14199
243357;6103447;14199
2126726;6103452;14199
184119;6103452;14199
192714;6103452;14199
259282;6103453;14199
248986;6103456;14199
1953934;6103459;14199
233875;6103459;14199
255177;6103462;14199
192646;6103462;14199
110295;6103462;14199
259347;6103466;14199
192632;6103466;14199
9679;6103466;14199
2126728;6103472;14199
140656;6103472;14199
140659;6103472;14199
512893;6103473;14199
252922;6103473;14199
140656;6103473;14199
140659;6103473;14199
855171;6103475;14199
257940;6103475;14199
253648;6103475;14199
259457;6103477;14199
140078;6103477;14199
853244;6103479;14199
1598592;6103479;14199
603621;6103479;14199
83132;6103479;14199
185226;6103480;14199
97199;6103480;14199
259499;6103486;14199
244450;6103486;14199
97582;6103486;14199
82337;6103489;14199
507497;6103489;14199
82336;6103489;14199
32762;6103489;14199
2126730;6103490;14199
510319;6103490;14199
81100;6103490;14199
259540;6103492;14199
509861;6103492;14199
510922;6103492;14199
252576;6103492;14199
131609;6103492;14199
80475;6103492;14199
141117;6103494;14199
256199;6103502;14199
509644;6103502;14199
54320;6103502;14199
183893;6103502;14199
30447;6103502;14199
259632;6103503;14199
251742;6103503;14199
509040;6103506;14199
114357;6103506;14199
249059;6103509;14199
1033;6103509;14199
259705;6103511;14199
79742;6103511;14199
79839;6103511;14199
259714;6103513;14199
513064;6103513;14199
110367;6103513;14199
8876;6103513;14199
110295;6103513;14199
258274;6103533;14199
97532;6103533;14199
258152;6103571;14199
1501138;6103571;14199
2126753;6103571;14199
2126754;6103571;14199
641337;6103571;14199
251579;6103571;14199
513310;6103574;14199
513311;6103577;14199
2126757;6103577;14199
243357;6103577;14199
260219;6103588;14199
260303;6103596;14199
44089;6103596;14199
1261525;6103598;14199
1261526;6103598;14199
252284;6103598;14199
252678;6103598;14199
80848;6103606;14199
513524;6103608;14199
83884;6103608;14199
141068;6103608;14199
182304;6103608;14199
107035;6103614;14199
513545;6103614;14199
170276;6103614;14199
299352;6103622;14199
82644;6103622;14199
592158;6103622;14199
83484;6103622;14199
81546;6103622;14199
251632;6103626;14199
251633;6103626;14199
66558;6103633;14199
192788;6103633;14199
854834;6103633;14199
260607;6103635;14199
141212;6103635;14199
9679;6103635;14199
260629;6103638;14199
251658;6103638;14199
334900;6103643;14199
97987;6103643;14199
224093;6103643;14199
2126765;6103652;14199
1252021;6103652;14199
513740;6103657;14199
507575;6103657;14199
260780;6103661;14199
510577;6103661;14199
80639;6103661;14199
82231;6103661;14199
256474;6103668;14199
334683;6103668;14199
97694;6103677;14199
260984;6103684;14199
252352;6103684;14199
513866;6103688;14199
33291;6103688;14199
33061;6103688;14199
1865512;6282235;14347
129291;6282235;14347
115099;6282235;14347
893453;6534177;14703
1167629;6593659;14795
1136989;7777724;15728
1700267;7777724;15728
493369;7777724;15728
34013;7777724;15728
98587;7778859;15728
327076;7778859;15728
98960;7778859;15728
98512;7778859;15728
1136493;7779368;15728
91986;7779368;15728
85820;7779368;15728
36188;7779368;15728
75180;7779368;15728
89455;7779368;15728
593342;7780133;15728
564687;7780133;15728
98932;7780133;15728
1137531;7781489;15728
85820;7781489;15728
959030;7781489;15728
101782;7781489;15728
681765;7781489;15728
747480;7781725;15728
347756;7781725;15728
179361;7781725;15728
126615;7781725;15728
1008842;7781986;15728
540659;7781986;15728
91114;7781986;15728
67344;7781986;15728
7970;7781986;15728
92076;7781986;15728
